24.988550,102.759880;24.988540,102.759890;24.988550,102.759900;24.988590,102.759870;24.988590,102.759870;24.988550,102.759880;24.988620,102.759880
24.988600,102.759880;24.988590,102.759880;24.988590,102.759870;24.988580,102.759870;24.988560,102.759870;24.988590,102.759880;24.988590,102.759880;24.988560,102.759910
24.988530,102.759890;24.988530,102.759890;24.988530,102.759890;24.988530,102.759890;24.988530,102.759890;24.988530,102.759890;24.988530,102.759890
24.988530,102.759890;24.988530,102.759890;24.988530,102.759890;24.988530,102.759890;24.988530,102.759890;24.988530,102.759890;24.988530,102.759890
24.988530,102.759890;24.988530,102.759890;24.988530,102.759890;24.988530,102.759890;24.988530,102.759890;24.988530,102.759890;24.988530,102.759890;24.988530,102.759890;24.988530,102.759890
24.988530,102.759890;24.988530,102.759890;24.988530,102.759890;24.988530,102.759890;24.988530,102.759890;24.988530,102.759890;24.988530,102.759890
24.988530,102.759890;24.988530,102.759890;24.988530,102.759890;24.988530,102.759890;24.988530,102.759890;24.988530,102.759890;24.988530,102.759890
24.988530,102.759890;24.988530,102.759890;24.988530,102.759890;24.988530,102.759890;24.988530,102.759890;24.988530,102.759890;24.988530,102.759890;24.988530,102.759890;24.988530,102.759890;24.988530,102.759890
24.988530,102.759890;24.988530,102.759890;24.988530,102.759890;24.988530,102.759890;24.988530,102.759890;24.988530,102.759890;24.988530,102.759890;24.988530,102.759890;24.988530,102.759890;24.988530,102.759890;24.988530,102.759890;24.988530,102.759890;24.988530,102.759890;24.988530,102.759890
24.988530,102.759890;24.988530,102.759890;24.988530,102.759890;24.988530,102.759890;24.988530,102.759890;24.988530,102.759890;24.988530,102.759890;24.988530,102.759890
24.988530,102.759890;24.988530,102.759890;24.988530,102.759890;24.988530,102.759890;24.988530,102.759890;24.988530,102.759890;24.988530,102.759890
24.988530,102.759890;24.988530,102.759890;24.988530,102.759890;24.988530,102.759890;24.988530,102.759890;24.988530,102.759890;24.988530,102.759890
24.988530,102.759890;24.988530,102.759890;24.988530,102.759890;24.988530,102.759890;24.988530,102.759890;24.988530,102.759890;24.988530,102.759890;24.988530,102.759890
24.988530,102.759890;24.988530,102.759890;24.988530,102.759890;24.988530,102.759890;24.988530,102.759890;24.988530,102.759890;24.988530,102.759890;24.988530,102.759890;24.988530,102.759890;24.988530,102.759890
24.988530,102.759890;24.988530,102.759890;24.988530,102.759890;24.988530,102.759890;24.988530,102.759890;24.988530,102.759890;24.988530,102.759890;24.988530,102.759890;24.988530,102.759890;24.988530,102.759890
24.988530,102.759890;24.988530,102.759890;24.988530,102.759890;24.988530,102.759890;24.988530,102.759890;24.988530,102.759890;24.988530,102.759890
24.988530,102.759890;24.988530,102.759890;24.988530,102.759890;24.988530,102.759890;24.988530,102.759890;24.988530,102.759890;24.988530,102.759890
24.988530,102.759890;24.988530,102.759890;24.988530,102.759890;24.988530,102.759890;24.988530,102.759890;24.988530,102.759890;24.988530,102.759890;24.988530,102.759890;24.988530,102.759890;24.988530,102.759890
24.988530,102.759890;24.988530,102.759890;24.988530,102.759890;24.988530,102.759890;24.988530,102.759890;24.988530,102.759890;24.988530,102.759890;24.988530,102.759890;24.988530,102.759890
24.988530,102.759890;24.988530,102.759890;24.988530,102.759890;24.988530,102.759890;24.988530,102.759890;24.988530,102.759890;24.988530,102.759890;24.988530,102.759890;24.988530,102.759890;24.988530,102.759890;24.988530,102.759890;24.988530,102.759890;24.988530,102.759890;24.988530,102.759890;24.988530,102.759890;24.988530,102.759890;24.988530,102.759890;24.988530,102.759890
24.988530,102.759890;24.988530,102.759890;24.988530,102.759890;24.988530,102.759890;24.988530,102.759890;24.988530,102.759890;24.988530,102.759890;24.988530,102.759890;24.988530,102.759890
24.988530,102.759890;24.988530,102.759890;24.988530,102.759890;24.988530,102.759890;24.988530,102.759890;24.988530,102.759890;24.988530,102.759890;24.988530,102.759890;24.988530,102.759890;24.988530,102.759890
24.988530,102.759890;24.988530,102.759890;24.988530,102.759890;24.988530,102.759890;24.988530,102.759890;24.988530,102.759890;24.988530,102.759890;24.988530,102.759890;24.988530,102.759890;24.988530,102.759890;24.988530,102.759890;24.988530,102.759890;24.988530,102.759890;24.988530,102.759890;24.988530,102.759890
24.988530,102.759890;24.988530,102.759890;24.988530,102.759890;24.988530,102.759890;24.988530,102.759890;24.988530,102.759890;24.988530,102.759890
24.988530,102.759890;24.988530,102.759890;24.988530,102.759890;24.988530,102.759890;24.988530,102.759890;24.988530,102.759890;24.988530,102.759890;24.988530,102.759890
24.988530,102.759890;24.988530,102.759890;24.988530,102.759890;24.988530,102.759890;24.988530,102.759890;24.988530,102.759890;24.988530,102.759890
24.988530,102.759890;24.988530,102.759890;24.988530,102.759890;24.988530,102.759890;24.988530,102.759890;24.988530,102.759890;24.988530,102.759890
24.988530,102.759890;24.988530,102.759890;24.988530,102.759890;24.988530,102.759890;24.988530,102.759890;24.988530,102.759890;24.988530,102.759890;24.988530,102.759890
24.988530,102.759890;24.988530,102.759890;24.988530,102.759890;24.988530,102.759890;24.988530,102.759890;24.988530,102.759890;24.988530,102.759890;24.988530,102.759890
24.988530,102.759890;24.988530,102.759890;24.988530,102.759890;24.988530,102.759890;24.988530,102.759890;24.988530,102.759890;24.988530,102.759890
24.988530,102.759890;24.988530,102.759890;24.988530,102.759890;24.988530,102.759890;24.988530,102.759890;24.988530,102.759890;24.988530,102.759890;24.988530,102.759890;24.988530,102.759890;24.988530,102.759890;24.988530,102.759890
24.988530,102.759890;24.988530,102.759890;24.988530,102.759890;24.988530,102.759890;24.988530,102.759890;24.988530,102.759890;24.988530,102.759890;24.988530,102.759890;24.988530,102.759890
24.988530,102.759890;24.988530,102.759890;24.988530,102.759890;24.988530,102.759890;24.988530,102.759890;24.988530,102.759890;24.988530,102.759890
24.988530,102.759890;24.988530,102.759890;24.988530,102.759890;24.988530,102.759890;24.988530,102.759890;24.988530,102.759890;24.988530,102.759890
24.988530,102.759890;24.988530,102.759890;24.988530,102.759890;24.988530,102.759890;24.988530,102.759890;24.988530,102.759890;24.988530,102.759890;24.988530,102.759890;24.988530,102.759890;24.988530,102.759890;24.988530,102.759890;24.988530,102.759890
24.988530,102.759890;24.988530,102.759890;24.988530,102.759890;24.988530,102.759890;24.988530,102.759890;24.988530,102.759890;24.988530,102.759890
24.988530,102.759890;24.988530,102.759890;24.988530,102.759890;24.988530,102.759890;24.988530,102.759890;24.988530,102.759890;24.988530,102.759890;24.988530,102.759890;24.988530,102.759890;24.988530,102.759890;24.988530,102.759890;24.988530,102.759890;24.988530,102.759890
24.988530,102.759890;24.988530,102.759890;24.988530,102.759890;24.988530,102.759890;24.988530,102.759890;24.988530,102.759890;24.988530,102.759890
24.988530,102.759890;24.988530,102.759890;24.988530,102.759890;24.988530,102.759890;24.988530,102.759890;24.988530,102.759890;24.988530,102.759890
24.988530,102.759890;24.988530,102.759890;24.988530,102.759890;24.988530,102.759890;24.988530,102.759890;24.988530,102.759890;24.988530,102.759890
24.988530,102.759890;24.988530,102.759890;24.988530,102.759890;24.988530,102.759890;24.988530,102.759890;24.988530,102.759890;24.988530,102.759890;24.988530,102.759890
24.988530,102.759890;24.988530,102.759890;24.988530,102.759890;24.988530,102.759890;24.988530,102.759890;24.988530,102.759890;24.988530,102.759890;24.988530,102.759890;24.988530,102.759890;24.988530,102.759890;24.988530,102.759890
24.988530,102.759890;24.988530,102.759890;24.988530,102.759890;24.988530,102.759890;24.988530,102.759890;24.988530,102.759890;24.988530,102.759890
24.988530,102.759890;24.988530,102.759890;24.988530,102.759890;24.988530,102.759890;24.988530,102.759890;24.988530,102.759890;24.988530,102.759890
24.988530,102.759890;24.988530,102.759890;24.988530,102.759890;24.988530,102.759890;24.988530,102.759890;24.988530,102.759890;24.988530,102.759890;24.988530,102.759890;24.988530,102.759890;24.988530,102.759890;24.988530,102.759890;24.988530,102.759890;24.988530,102.759890
24.988530,102.759890;24.988530,102.759890;24.988530,102.759890;24.988530,102.759890;24.988530,102.759890;24.988530,102.759890;24.988530,102.759890;24.988530,102.759890;24.988530,102.759890;24.988530,102.759890;24.988530,102.759890;24.988530,102.759890;24.988530,102.759890
24.988530,102.759890;24.988530,102.759890;24.988530,102.759890;24.988530,102.759890;24.988530,102.759890;24.988530,102.759890;24.988530,102.759890;24.988530,102.759890
24.988530,102.759890;24.988530,102.759890;24.988530,102.759890;24.988530,102.759890;24.988530,102.759890;24.988530,102.759890;24.988530,102.759890;24.988530,102.759890;24.988530,102.759890
24.988530,102.759890;24.988530,102.759890;24.988530,102.759890;24.988530,102.759890;24.988530,102.759890;24.988530,102.759890;24.988530,102.759890;24.988530,102.759890;24.988530,102.759890
24.988530,102.759890;24.988530,102.759890;24.988530,102.759890;24.988530,102.759890;24.988530,102.759890;24.988530,102.759890;24.988530,102.759890
24.988550,102.759880;24.988540,102.759890;24.988550,102.759900;24.988590,102.759870;24.988590,102.759870;24.988550,102.759880;24.988620,102.759880
24.988600,102.759880;24.988590,102.759880;24.988590,102.759870;24.988580,102.759870;24.988560,102.759870;24.988590,102.759880;24.988590,102.759880;24.988560,102.759910
24.988530,102.759890;24.988530,102.759890;24.988530,102.759890;24.988530,102.759890;24.988530,102.759890;24.988530,102.759890;24.988530,102.759890
24.988530,102.759890;24.988530,102.759890;24.988530,102.759890;24.988530,102.759890;24.988530,102.759890;24.988530,102.759890;24.988530,102.759890
24.988530,102.759890;24.988530,102.759890;24.988530,102.759890;24.988530,102.759890;24.988530,102.759890;24.988530,102.759890;24.988530,102.759890;24.988530,102.759890;24.988530,102.759890
24.988530,102.759890;24.988530,102.759890;24.988530,102.759890;24.988530,102.759890;24.988530,102.759890;24.988530,102.759890;24.988530,102.759890
24.988530,102.759890;24.988530,102.759890;24.988530,102.759890;24.988530,102.759890;24.988530,102.759890;24.988530,102.759890;24.988530,102.759890
24.988530,102.759890;24.988530,102.759890;24.988530,102.759890;24.988530,102.759890;24.988530,102.759890;24.988530,102.759890;24.988530,102.759890;24.988530,102.759890;24.988530,102.759890;24.988530,102.759890
24.988530,102.759890;24.988530,102.759890;24.988530,102.759890;24.988530,102.759890;24.988530,102.759890;24.988530,102.759890;24.988530,102.759890;24.988530,102.759890;24.988530,102.759890;24.988530,102.759890;24.988530,102.759890;24.988530,102.759890;24.988530,102.759890;24.988530,102.759890
24.988530,102.759890;24.988530,102.759890;24.988530,102.759890;24.988530,102.759890;24.988530,102.759890;24.988530,102.759890;24.988530,102.759890;24.988530,102.759890
24.988530,102.759890;24.988530,102.759890;24.988530,102.759890;24.988530,102.759890;24.988530,102.759890;24.988530,102.759890;24.988530,102.759890
24.988530,102.759890;24.988530,102.759890;24.988530,102.759890;24.988530,102.759890;24.988530,102.759890;24.988530,102.759890;24.988530,102.759890
24.988530,102.759890;24.988530,102.759890;24.988530,102.759890;24.988530,102.759890;24.988530,102.759890;24.988530,102.759890;24.988530,102.759890;24.988530,102.759890
24.988530,102.759890;24.988530,102.759890;24.988530,102.759890;24.988530,102.759890;24.988530,102.759890;24.988530,102.759890;24.988530,102.759890;24.988530,102.759890;24.988530,102.759890;24.988530,102.759890
24.988530,102.759890;24.988530,102.759890;24.988530,102.759890;24.988530,102.759890;24.988530,102.759890;24.988530,102.759890;24.988530,102.759890;24.988530,102.759890;24.988530,102.759890;24.988530,102.759890
24.988530,102.759890;24.988530,102.759890;24.988530,102.759890;24.988530,102.759890;24.988530,102.759890;24.988530,102.759890;24.988530,102.759890
24.988530,102.759890;24.988530,102.759890;24.988530,102.759890;24.988530,102.759890;24.988530,102.759890;24.988530,102.759890;24.988530,102.759890
24.988530,102.759890;24.988530,102.759890;24.988530,102.759890;24.988530,102.759890;24.988530,102.759890;24.988530,102.759890;24.988530,102.759890;24.988530,102.759890;24.988530,102.759890;24.988530,102.759890
24.988530,102.759890;24.988530,102.759890;24.988530,102.759890;24.988530,102.759890;24.988530,102.759890;24.988530,102.759890;24.988530,102.759890;24.988530,102.759890;24.988530,102.759890
24.988530,102.759890;24.988530,102.759890;24.988530,102.759890;24.988530,102.759890;24.988530,102.759890;24.988530,102.759890;24.988530,102.759890;24.988530,102.759890;24.988530,102.759890;24.988530,102.759890;24.988530,102.759890;24.988530,102.759890;24.988530,102.759890;24.988530,102.759890;24.988530,102.759890;24.988530,102.759890;24.988530,102.759890;24.988530,102.759890
24.988530,102.759890;24.988530,102.759890;24.988530,102.759890;24.988530,102.759890;24.988530,102.759890;24.988530,102.759890;24.988530,102.759890;24.988530,102.759890;24.988530,102.759890
24.988530,102.759890;24.988530,102.759890;24.988530,102.759890;24.988530,102.759890;24.988530,102.759890;24.988530,102.759890;24.988530,102.759890;24.988530,102.759890;24.988530,102.759890;24.988530,102.759890
24.988530,102.759890;24.988530,102.759890;24.988530,102.759890;24.988530,102.759890;24.988530,102.759890;24.988530,102.759890;24.988530,102.759890;24.988530,102.759890;24.988530,102.759890;24.988530,102.759890;24.988530,102.759890;24.988530,102.759890;24.988530,102.759890;24.988530,102.759890;24.988530,102.759890
24.988530,102.759890;24.988530,102.759890;24.988530,102.759890;24.988530,102.759890;24.988530,102.759890;24.988530,102.759890;24.988530,102.759890
24.988530,102.759890;24.988530,102.759890;24.988530,102.759890;24.988530,102.759890;24.988530,102.759890;24.988530,102.759890;24.988530,102.759890;24.988530,102.759890
24.988530,102.759890;24.988530,102.759890;24.988530,102.759890;24.988530,102.759890;24.988530,102.759890;24.988530,102.759890;24.988530,102.759890
24.988530,102.759890;24.988530,102.759890;24.988530,102.759890;24.988530,102.759890;24.988530,102.759890;24.988530,102.759890;24.988530,102.759890
24.988530,102.759890;24.988530,102.759890;24.988530,102.759890;24.988530,102.759890;24.988530,102.759890;24.988530,102.759890;24.988530,102.759890;24.988530,102.759890
24.988530,102.759890;24.988530,102.759890;24.988530,102.759890;24.988530,102.759890;24.988530,102.759890;24.988530,102.759890;24.988530,102.759890;24.988530,102.759890
24.988530,102.759890;24.988530,102.759890;24.988530,102.759890;24.988530,102.759890;24.988530,102.759890;24.988530,102.759890;24.988530,102.759890
24.988530,102.759890;24.988530,102.759890;24.988530,102.759890;24.988530,102.759890;24.988530,102.759890;24.988530,102.759890;24.988530,102.759890;24.988530,102.759890;24.988530,102.759890;24.988530,102.759890;24.988530,102.759890
24.988530,102.759890;24.988530,102.759890;24.988530,102.759890;24.988530,102.759890;24.988530,102.759890;24.988530,102.759890;24.988530,102.759890;24.988530,102.759890;24.988530,102.759890
24.988530,102.759890;24.988530,102.759890;24.988530,102.759890;24.988530,102.759890;24.988530,102.759890;24.988530,102.759890;24.988530,102.759890
24.988530,102.759890;24.988530,102.759890;24.988530,102.759890;24.988530,102.759890;24.988530,102.759890;24.988530,102.759890;24.988530,102.759890
24.988530,102.759890;24.988530,102.759890;24.988530,102.759890;24.988530,102.759890;24.988530,102.759890;24.988530,102.759890;24.988530,102.759890;24.988530,102.759890;24.988530,102.759890;24.988530,102.759890;24.988530,102.759890;24.988530,102.759890
24.988530,102.759890;24.988530,102.759890;24.988530,102.759890;24.988530,102.759890;24.988530,102.759890;24.988530,102.759890;24.988530,102.759890
24.988530,102.759890;24.988530,102.759890;24.988530,102.759890;24.988530,102.759890;24.988530,102.759890;24.988530,102.759890;24.988530,102.759890;24.988530,102.759890;24.988530,102.759890;24.988530,102.759890;24.988530,102.759890;24.988530,102.759890;24.988530,102.759890
24.988530,102.759890;24.988530,102.759890;24.988530,102.759890;24.988530,102.759890;24.988530,102.759890;24.988530,102.759890;24.988530,102.759890
24.988530,102.759890;24.988530,102.759890;24.988530,102.759890;24.988530,102.759890;24.988530,102.759890;24.988530,102.759890;24.988530,102.759890
24.988530,102.759890;24.988530,102.759890;24.988530,102.759890;24.988530,102.759890;24.988530,102.759890;24.988530,102.759890;24.988530,102.759890
24.988530,102.759890;24.988530,102.759890;24.988530,102.759890;24.988530,102.759890;24.988530,102.759890;24.988530,102.759890;24.988530,102.759890;24.988530,102.759890
24.988530,102.759890;24.988530,102.759890;24.988530,102.759890;24.988530,102.759890;24.988530,102.759890;24.988530,102.759890;24.988530,102.759890;24.988530,102.759890;24.988530,102.759890;24.988530,102.759890;24.988530,102.759890
24.988530,102.759890;24.988530,102.759890;24.988530,102.759890;24.988530,102.759890;24.988530,102.759890;24.988530,102.759890;24.988530,102.759890
24.988530,102.759890;24.988530,102.759890;24.988530,102.759890;24.988530,102.759890;24.988530,102.759890;24.988530,102.759890;24.988530,102.759890
24.988530,102.759890;24.988530,102.759890;24.988530,102.759890;24.988530,102.759890;24.988530,102.759890;24.988530,102.759890;24.988530,102.759890;24.988530,102.759890;24.988530,102.759890;24.988530,102.759890;24.988530,102.759890;24.988530,102.759890;24.988530,102.759890
24.988530,102.759890;24.988530,102.759890;24.988530,102.759890;24.988530,102.759890;24.988530,102.759890;24.988530,102.759890;24.988530,102.759890;24.988530,102.759890;24.988530,102.759890;24.988530,102.759890;24.988530,102.759890;24.988530,102.759890;24.988530,102.759890
24.988530,102.759890;24.988530,102.759890;24.988530,102.759890;24.988530,102.759890;24.988530,102.759890;24.988530,102.759890;24.988530,102.759890;24.988530,102.759890
24.988530,102.759890;24.988530,102.759890;24.988530,102.759890;24.988530,102.759890;24.988530,102.759890;24.988530,102.759890;24.988530,102.759890;24.988530,102.759890;24.988530,102.759890
24.988530,102.759890;24.988530,102.759890;24.988530,102.759890;24.988530,102.759890;24.988530,102.759890;24.988530,102.759890;24.988530,102.759890;24.988530,102.759890;24.988530,102.759890
24.988530,102.759890;24.988530,102.759890;24.988530,102.759890;24.988530,102.759890;24.988530,102.759890;24.988530,102.759890;24.988530,102.759890
